1.145715658966045580e-04
1.118753866764267402e-04
2.470913936178272053e-05
1.235456968089135993e-04
1.440778029815835382e-04
6.299619188490682652e-05
1.543085258564801598e-04
1.984437732356447812e-04
1.747200000000000145e-05
1.172057391086289956e-04
1.572480000000000232e-04
2.103907404806590179e-04
7.412741808534815144e-05
8.195094415563496744e-05
1.832478819522888856e-04
3.494400000000000289e-05
3.494400000000000289e-05
1.430144836301554647e-04
1.502998270657687958e-04
1.077046414598739578e-04
1.781801378829862836e-04
1.419431990057995301e-04
1.172057391086289956e-04
8.195094415563496744e-05
5.241600000000000772e-05
1.364606823374410569e-04
2.470913936178272053e-05
2.470913936178272053e-05
2.118367419689039829e-04
1.738442050112686606e-04
2.284760470246279787e-04
5.241600000000000772e-05
2.470913936178272053e-05
1.591774954948092021e-04
2.007379971206248778e-04
3.494400000000000289e-05
7.813715940575266376e-05
1.492808334381879101e-04
1.492808334381879101e-04
9.408959951025406209e-05
1.235456968089135993e-04
1.747200000000000145e-05
2.470913936178272053e-05
2.470913936178272053e-05
3.906857970287633188e-05
2.470913936178272053e-05
2.470913936178272053e-05
5.241600000000000772e-05
2.470913936178272053e-05
7.203890149079176912e-05
1.492808334381879101e-04
8.736000000000000384e-05
1.857299076400998076e-04
3.906857970287633188e-05
1.881791990205081242e-04
3.026239170984342420e-05
1.375746655747343860e-04
5.525131527846193071e-05
2.470913936178272053e-05
3.494400000000000289e-05
2.470913936178272053e-05
5.241600000000000772e-05
3.026239170984342420e-05
1.118753866764267402e-04
1.729639755324790336e-04
1.747200000000000145e-05
3.494400000000000289e-05
1.657539458353857989e-04
2.470913936178272053e-05
3.906857970287633188e-05
1.158961366741790980e-04
1.077046414598739578e-04
8.736000000000000384e-05
1.572480000000000232e-04
1.145715658966045580e-04
5.241600000000000772e-05
1.572480000000000232e-04
1.185008694651646950e-04
3.906857970287633188e-05
1.513119585492171345e-04
1.430144836301554647e-04
2.470913936178272053e-05
1.235456968089135993e-04
1.492808334381879101e-04
1.790347237828461102e-04
2.470913936178272053e-05
1.145715658966045580e-04
3.026239170984342420e-05
1.364606823374410569e-04
1.247750375035006954e-04
5.794806833708954902e-05
3.494400000000000289e-05
1.747200000000000077e-04
2.470913936178272053e-05
2.470913936178272053e-05
9.883655744713088214e-05
2.103907404806590179e-04
6.299619188490682652e-05
3.026239170984342420e-05
1.118753866764267402e-04
1.451333321329046288e-04
1.172057391086289956e-04
1.235456968089135993e-04
1.271980799855092345e-04
1.235456968089135993e-04
1.375746655747343860e-04
1.533161777765151823e-04
9.408959951025406209e-05
8.195094415563496744e-05
1.755914268522242006e-04
1.747200000000000145e-05
3.494400000000000289e-05
3.906857970287633188e-05
2.470913936178272053e-05
1.364606823374410569e-04
4.279748478590768979e-05
1.077046414598739578e-04
7.412741808534815144e-05
1.657539458353857989e-04
2.470913936178272053e-05
4.279748478590768979e-05
3.026239170984342420e-05
1.319107072530505608e-04
1.798852498233248856e-04
5.241600000000000772e-05
1.482548361706963029e-04
1.375746655747343860e-04
3.026239170984342420e-05
7.203890149079176912e-05
1.572480000000000232e-04
2.111149792506443977e-04
1.145715658966045580e-04
3.494400000000000289e-05
1.729639755324790336e-04
1.397760000000000116e-04
1.419431990057995301e-04
2.470913936178272053e-05
3.906857970287633188e-05
1.172057391086289956e-04
1.185008694651646950e-04
7.203890149079176912e-05
1.172057391086289956e-04
3.494400000000000289e-05
3.906857970287633188e-05
1.729639755324790336e-04
1.921920000000000193e-04
1.145715658966045580e-04
1.118753866764267402e-04
7.203890149079176912e-05
1.747200000000000145e-05
1.118753866764267402e-04
3.494400000000000289e-05
1.502998270657687958e-04
1.132315014825821455e-04
6.299619188490682652e-05
2.470913936178272053e-05
3.026239170984342420e-05
9.408959951025406209e-05
2.470913936178272053e-05
7.203890149079176912e-05
3.906857970287633188e-05
1.118753866764267402e-04
1.118753866764267402e-04
1.259923837698136530e-04
2.470913936178272053e-05
1.747200000000000145e-05
1.364606823374410569e-04
1.807317733216824620e-04
1.419431990057995301e-04
1.118753866764267402e-04
3.906857970287633188e-05
3.026239170984342420e-05
9.408959951025406209e-05
1.897945007422501744e-04
8.736000000000000384e-05
2.470913936178272053e-05
1.747200000000000145e-05
1.062780269293704915e-04
1.610838807578213465e-04
1.283924543577230897e-04
3.026239170984342420e-05
1.319107072530505608e-04
2.470913936178272053e-05
1.408637673782722505e-04
3.494400000000000289e-05
5.241600000000000772e-05
1.132315014825821455e-04
3.026239170984342420e-05
6.299619188490682652e-05
1.832478819522888856e-04
1.235456968089135993e-04
3.906857970287633188e-05
1.062780269293704915e-04
1.003689985603124389e-04
1.572480000000000232e-04
1.158961366741790980e-04
3.026239170984342420e-05
1.375746655747343860e-04
7.813715940575266376e-05
1.235456968089135993e-04
1.172057391086289956e-04
3.026239170984342420e-05
1.482548361706963029e-04
2.470913936178272053e-05
1.364606823374410569e-04
2.470913936178272053e-05
1.172057391086289956e-04
9.883655744713088214e-05
2.082029090286684702e-04
1.342049785067603372e-04
2.470913936178272053e-05
1.364606823374410569e-04
3.906857970287633188e-05
1.132315014825821455e-04
8.559496957181537957e-05
1.271980799855092345e-04
1.283924543577230897e-04
3.026239170984342420e-05
1.881791990205081242e-04
1.158961366741790980e-04
1.430144836301554647e-04
3.026239170984342420e-05
9.078717512953028614e-05
1.639018883112699349e-04
1.185008694651646950e-04
1.684938660960689149e-04
1.572480000000000232e-04
3.026239170984342420e-05
1.397760000000000116e-04
4.279748478590768979e-05
2.470913936178272053e-05
1.118753866764267402e-04
1.375746655747343860e-04
1.482548361706963029e-04
5.794806833708954902e-05
4.279748478590768979e-05
1.271980799855092345e-04
3.494400000000000289e-05
1.118753866764267402e-04
1.693973249375562231e-04
2.470913936178272053e-05
3.906857970287633188e-05
3.026239170984342420e-05
1.747200000000000145e-05
3.026239170984342420e-05
3.906857970287633188e-05
1.747200000000000145e-05
1.543085258564801598e-04
2.470913936178272053e-05
1.729639755324790336e-04
5.794806833708954902e-05
3.026239170984342420e-05
1.648305183392929885e-04
1.747200000000000145e-05
3.494400000000000289e-05
1.620286623533009646e-04
3.906857970287633188e-05
1.648305183392929885e-04
6.299619188490682652e-05
7.813715940575266376e-05
1.533161777765151823e-04
6.299619188490682652e-05
