5.599999999999999747e-06
7.919595949289332028e-06
9.699484522385712145e-06
5.599999999999999747e-06
1.371714255958579553e-05
5.599999999999999747e-06
7.919595949289332028e-06
5.599999999999999747e-06
9.699484522385712145e-06
7.919595949289332028e-06
9.699484522385712145e-06
7.919595949289332028e-06
7.919595949289332028e-06
7.919595949289332028e-06
5.599999999999999747e-06
5.599999999999999747e-06
5.599999999999999747e-06
7.919595949289332028e-06
7.919595949289332028e-06
9.699484522385712145e-06
1.679999999999999839e-05
5.599999999999999747e-06
7.919595949289332028e-06
5.599999999999999747e-06
1.252198067399882232e-05
5.599999999999999747e-06
7.919595949289332028e-06
9.699484522385712145e-06
7.919595949289332028e-06
7.919595949289332028e-06
7.919595949289332028e-06
5.599999999999999747e-06
5.599999999999999747e-06
1.252198067399882232e-05
5.599999999999999747e-06
9.699484522385712145e-06
1.119999999999999949e-05
1.119999999999999949e-05
5.599999999999999747e-06
5.599999999999999747e-06
1.119999999999999949e-05
1.583919189857866406e-05
7.919595949289332028e-06
1.252198067399882232e-05
1.252198067399882232e-05
9.699484522385712145e-06
7.919595949289332028e-06
7.919595949289332028e-06
5.599999999999999747e-06
1.252198067399882232e-05
5.599999999999999747e-06
1.252198067399882232e-05
1.119999999999999949e-05
5.599999999999999747e-06
5.599999999999999747e-06
7.919595949289332028e-06
1.119999999999999949e-05
7.919595949289332028e-06
5.599999999999999747e-06
7.919595949289332028e-06
1.119999999999999949e-05
5.599999999999999747e-06
1.119999999999999949e-05
7.919595949289332028e-06
1.583919189857866406e-05
7.919595949289332028e-06
7.919595949289332028e-06
1.119999999999999949e-05
5.599999999999999747e-06
1.252198067399882232e-05
7.919595949289332028e-06
7.919595949289332028e-06
7.919595949289332028e-06
5.599999999999999747e-06
1.371714255958579553e-05
5.599999999999999747e-06
7.919595949289332028e-06
7.919595949289332028e-06
9.699484522385712145e-06
5.599999999999999747e-06
1.371714255958579553e-05
9.699484522385712145e-06
9.699484522385712145e-06
5.599999999999999747e-06
1.252198067399882232e-05
1.252198067399882232e-05
5.599999999999999747e-06
1.119999999999999949e-05
7.919595949289332028e-06
5.599999999999999747e-06
9.699484522385712145e-06
5.599999999999999747e-06
9.699484522385712145e-06
1.371714255958579553e-05
7.919595949289332028e-06
7.919595949289332028e-06
9.699484522385712145e-06
1.252198067399882232e-05
1.119999999999999949e-05
7.919595949289332028e-06
5.599999999999999747e-06
7.919595949289332028e-06
5.599999999999999747e-06
1.371714255958579553e-05
1.371714255958579553e-05
9.699484522385712145e-06
1.252198067399882232e-05
1.119999999999999949e-05
7.919595949289332028e-06
1.119999999999999949e-05
9.699484522385712145e-06
1.119999999999999949e-05
9.699484522385712145e-06
1.119999999999999949e-05
1.252198067399882232e-05
5.599999999999999747e-06
5.599999999999999747e-06
5.599999999999999747e-06
7.919595949289332028e-06
1.252198067399882232e-05
9.699484522385712145e-06
7.919595949289332028e-06
1.252198067399882232e-05
1.119999999999999949e-05
9.699484522385712145e-06
5.599999999999999747e-06
7.919595949289332028e-06
1.119999999999999949e-05
5.599999999999999747e-06
5.599999999999999747e-06
5.599999999999999747e-06
1.252198067399882232e-05
5.599999999999999747e-06
7.919595949289332028e-06
7.919595949289332028e-06
9.699484522385712145e-06
7.919595949289332028e-06
9.699484522385712145e-06
7.919595949289332028e-06
5.599999999999999747e-06
7.919595949289332028e-06
9.699484522385712145e-06
7.919595949289332028e-06
5.599999999999999747e-06
1.252198067399882232e-05
5.599999999999999747e-06
1.119999999999999949e-05
1.252198067399882232e-05
7.919595949289332028e-06
7.919595949289332028e-06
9.699484522385712145e-06
7.919595949289332028e-06
9.699484522385712145e-06
7.919595949289332028e-06
5.599999999999999747e-06
1.119999999999999949e-05
5.599999999999999747e-06
1.252198067399882232e-05
7.919595949289332028e-06
1.119999999999999949e-05
5.599999999999999747e-06
1.252198067399882232e-05
1.583919189857866406e-05
1.119999999999999949e-05
9.699484522385712145e-06
1.119999999999999949e-05
1.119999999999999949e-05
5.599999999999999747e-06
9.699484522385712145e-06
5.599999999999999747e-06
7.919595949289332028e-06
1.252198067399882232e-05
1.119999999999999949e-05
9.699484522385712145e-06
1.119999999999999949e-05
1.371714255958579553e-05
5.599999999999999747e-06
1.119999999999999949e-05
9.699484522385712145e-06
7.919595949289332028e-06
5.599999999999999747e-06
7.919595949289332028e-06
5.599999999999999747e-06
9.699484522385712145e-06
5.599999999999999747e-06
1.371714255958579553e-05
5.599999999999999747e-06
5.599999999999999747e-06
5.599999999999999747e-06
5.599999999999999747e-06
7.919595949289332028e-06
7.919595949289332028e-06
9.699484522385712145e-06
1.371714255958579553e-05
1.119999999999999949e-05
1.119999999999999949e-05
1.252198067399882232e-05
7.919595949289332028e-06
1.119999999999999949e-05
1.252198067399882232e-05
1.119999999999999949e-05
7.919595949289332028e-06
9.699484522385712145e-06
5.599999999999999747e-06
7.919595949289332028e-06
1.252198067399882232e-05
1.119999999999999949e-05
7.919595949289332028e-06
5.599999999999999747e-06
1.252198067399882232e-05
5.599999999999999747e-06
7.919595949289332028e-06
1.371714255958579553e-05
9.699484522385712145e-06
5.599999999999999747e-06
5.599999999999999747e-06
7.919595949289332028e-06
9.699484522385712145e-06
1.119999999999999949e-05
7.919595949289332028e-06
9.699484522385712145e-06
5.599999999999999747e-06
7.919595949289332028e-06
7.919595949289332028e-06
1.119999999999999949e-05
7.919595949289332028e-06
7.919595949289332028e-06
9.699484522385712145e-06
5.599999999999999747e-06
5.599999999999999747e-06
7.919595949289332028e-06
5.599999999999999747e-06
5.599999999999999747e-06
5.599999999999999747e-06
7.919595949289332028e-06
1.252198067399882232e-05
5.599999999999999747e-06
7.919595949289332028e-06
9.699484522385712145e-06
5.599999999999999747e-06
7.919595949289332028e-06
7.919595949289332028e-06
5.599999999999999747e-06
1.252198067399882232e-05
9.699484522385712145e-06
5.599999999999999747e-06
1.252198067399882232e-05
7.919595949289332028e-06
1.252198067399882232e-05
9.699484522385712145e-06
1.371714255958579553e-05
1.371714255958579553e-05
5.599999999999999747e-06
5.599999999999999747e-06
7.919595949289332028e-06
5.599999999999999747e-06
1.252198067399882232e-05
5.599999999999999747e-06
5.599999999999999747e-06
1.252198067399882232e-05
1.119999999999999949e-05
7.919595949289332028e-06
5.599999999999999747e-06
7.919595949289332028e-06
5.599999999999999747e-06
1.119999999999999949e-05
5.599999999999999747e-06
7.919595949289332028e-06
5.599999999999999747e-06
1.119999999999999949e-05
7.919595949289332028e-06
5.599999999999999747e-06
5.599999999999999747e-06
5.599999999999999747e-06
1.583919189857866406e-05
1.252198067399882232e-05
1.371714255958579553e-05
1.119999999999999949e-05
1.252198067399882232e-05
9.699484522385712145e-06
5.599999999999999747e-06
7.919595949289332028e-06
1.119999999999999949e-05
7.919595949289332028e-06
5.599999999999999747e-06
7.919595949289332028e-06
1.583919189857866406e-05
7.919595949289332028e-06
5.599999999999999747e-06
1.119999999999999949e-05
9.699484522385712145e-06
1.119999999999999949e-05
5.599999999999999747e-06
7.919595949289332028e-06
5.599999999999999747e-06
7.919595949289332028e-06
1.119999999999999949e-05
9.699484522385712145e-06
7.919595949289332028e-06
1.252198067399882232e-05
5.599999999999999747e-06
1.252198067399882232e-05
5.599999999999999747e-06
5.599999999999999747e-06
7.919595949289332028e-06
7.919595949289332028e-06
5.599999999999999747e-06
1.252198067399882232e-05
7.919595949289332028e-06
5.599999999999999747e-06
7.919595949289332028e-06
1.679999999999999839e-05
9.699484522385712145e-06
9.699484522385712145e-06
5.599999999999999747e-06
7.919595949289332028e-06
7.919595949289332028e-06
5.599999999999999747e-06
7.919595949289332028e-06
1.252198067399882232e-05
5.599999999999999747e-06
1.252198067399882232e-05
5.599999999999999747e-06
5.599999999999999747e-06
7.919595949289332028e-06
1.252198067399882232e-05
1.252198067399882232e-05
7.919595949289332028e-06
9.699484522385712145e-06
1.252198067399882232e-05
5.599999999999999747e-06
5.599999999999999747e-06
5.599999999999999747e-06
1.583919189857866406e-05
1.252198067399882232e-05
5.599999999999999747e-06
1.119999999999999949e-05
5.599999999999999747e-06
7.919595949289332028e-06
1.119999999999999949e-05
7.919595949289332028e-06
7.919595949289332028e-06
7.919595949289332028e-06
5.599999999999999747e-06
5.599999999999999747e-06
5.599999999999999747e-06
1.119999999999999949e-05
5.599999999999999747e-06
5.599999999999999747e-06
1.119999999999999949e-05
9.699484522385712145e-06
9.699484522385712145e-06
1.119999999999999949e-05
5.599999999999999747e-06
7.919595949289332028e-06
5.599999999999999747e-06
1.252198067399882232e-05
1.583919189857866406e-05
1.119999999999999949e-05
7.919595949289332028e-06
7.919595949289332028e-06
7.919595949289332028e-06
9.699484522385712145e-06
7.919595949289332028e-06
1.119999999999999949e-05
5.599999999999999747e-06
7.919595949289332028e-06
1.119999999999999949e-05
5.599999999999999747e-06
5.599999999999999747e-06
1.857309882599023781e-05
5.599999999999999747e-06
1.119999999999999949e-05
1.252198067399882232e-05
1.119999999999999949e-05
9.699484522385712145e-06
7.919595949289332028e-06
7.919595949289332028e-06
9.699484522385712145e-06
5.599999999999999747e-06
7.919595949289332028e-06
1.252198067399882232e-05
1.119999999999999949e-05
9.699484522385712145e-06
9.699484522385712145e-06
