9.562727644349180707e-06
6.761869563959365003e-06
3.024000000000000185e-06
1.512000000000000093e-05
9.562727644349180707e-06
6.761869563959365003e-06
1.737155744313099930e-05
1.541943500910458015e-05
7.407256982176330469e-06
7.407256982176330469e-06
9.072000000000000555e-06
1.541943500910458015e-05
6.048000000000000370e-06
1.385770890154646108e-05
6.761869563959365003e-06
6.761869563959365003e-06
4.276581812616239702e-06
2.159567956791358164e-05
5.237721642088284762e-06
7.407256982176330469e-06
1.959775987198537081e-05
8.553163625232479403e-06
6.048000000000000370e-06
3.024000000000000185e-06
3.024000000000000185e-06
1.628473837677473995e-05
6.761869563959365003e-06
1.131477193760439932e-05
4.276581812616239702e-06
4.276581812616239702e-06
6.761869563959365003e-06
1.282974543784871826e-05
2.361819501994172373e-05
9.562727644349180707e-06
5.237721642088284762e-06
4.276581812616239702e-06
2.438026743085481546e-05
3.024000000000000185e-06
6.761869563959365003e-06
2.475250678214229222e-05
1.814400000000000111e-05
7.407256982176330469e-06
9.072000000000000555e-06
1.246827141186780671e-05
1.090318705700310355e-05
1.864118794497818395e-05
8.553163625232479403e-06
6.048000000000000370e-06
6.761869563959365003e-06
8.553163625232479403e-06
2.601343160753690436e-05
6.761869563959365003e-06
1.481451396435266094e-05
6.761869563959365003e-06
4.276581812616239702e-06
1.246827141186780671e-05
6.761869563959365003e-06
6.761869563959365003e-06
4.276581812616239702e-06
4.276581812616239702e-06
1.090318705700310355e-05
8.553163625232479403e-06
3.024000000000000185e-06
6.048000000000000370e-06
3.024000000000000185e-06
2.222177094652899395e-05
4.276581812616239702e-06
6.761869563959365003e-06
1.814400000000000111e-05
2.005894673206945928e-05
2.704747825583746001e-05
1.541943500910458015e-05
8.553163625232479403e-06
4.276581812616239702e-06
1.959775987198537081e-05
7.407256982176330469e-06
1.246827141186780671e-05
6.048000000000000370e-06
1.912545528869836141e-05
2.116800000000000130e-05
3.024000000000000185e-06
3.024000000000000185e-06
5.237721642088284762e-06
8.553163625232479403e-06
4.276581812616239702e-06
4.276581812616239702e-06
1.282974543784871826e-05
6.761869563959365003e-06
1.385770890154646108e-05
4.276581812616239702e-06
1.209600000000000074e-05
6.048000000000000370e-06
7.407256982176330469e-06
2.116800000000000130e-05
7.407256982176330469e-06
3.024000000000000185e-06
4.276581812616239702e-06
1.131477193760439932e-05
3.024000000000000185e-06
1.512000000000000093e-05
1.628473837677473995e-05
5.237721642088284762e-06
1.282974543784871826e-05
3.024000000000000185e-06
1.209600000000000074e-05
8.553163625232479403e-06
1.246827141186780671e-05
6.048000000000000370e-06
6.048000000000000370e-06
1.481451396435266094e-05
1.763279853001219086e-05
9.072000000000000555e-06
2.787990243885369172e-05
7.407256982176330469e-06
6.761869563959365003e-06
1.131477193760439932e-05
7.407256982176330469e-06
1.352373912791873001e-05
8.553163625232479403e-06
4.276581812616239702e-06
6.048000000000000370e-06
2.050976586897081155e-05
6.761869563959365003e-06
6.761869563959365003e-06
6.048000000000000370e-06
1.481451396435266094e-05
5.237721642088284762e-06
3.024000000000000185e-06
1.385770890154646108e-05
1.209600000000000074e-05
1.481451396435266094e-05
4.276581812616239702e-06
6.761869563959365003e-06
1.131477193760439932e-05
2.670724485977541383e-05
2.804342233037901102e-05
1.002947336603472964e-05
1.002947336603472964e-05
3.434603767540005776e-05
1.656313013895622537e-05
6.761869563959365003e-06
1.209600000000000074e-05
3.024000000000000185e-06
5.237721642088284762e-06
1.209600000000000074e-05
9.562727644349180707e-06
6.048000000000000370e-06
1.047544328417656952e-05
8.553163625232479403e-06
1.541943500910458015e-05
1.959775987198537081e-05
4.276581812616239702e-06
4.276581812616239702e-06
4.276581812616239702e-06
6.048000000000000370e-06
2.670724485977541383e-05
5.237721642088284762e-06
1.002947336603472964e-05
6.761869563959365003e-06
1.936304769399693580e-05
1.002947336603472964e-05
6.761869563959365003e-06
9.072000000000000555e-06
1.628473837677473995e-05
5.237721642088284762e-06
9.072000000000000555e-06
1.352373912791873001e-05
4.276581812616239702e-06
6.048000000000000370e-06
1.246827141186780671e-05
9.072000000000000555e-06
7.407256982176330469e-06
9.072000000000000555e-06
6.761869563959365003e-06
4.276581812616239702e-06
1.936304769399693580e-05
1.047544328417656952e-05
7.407256982176330469e-06
9.072000000000000555e-06
1.246827141186780671e-05
6.048000000000000370e-06
7.407256982176330469e-06
5.237721642088284762e-06
1.047544328417656952e-05
4.276581812616239702e-06
9.072000000000000555e-06
2.222177094652899395e-05
6.048000000000000370e-06
1.002947336603472964e-05
9.562727644349180707e-06
1.246827141186780671e-05
6.761869563959365003e-06
7.407256982176330469e-06
1.246827141186780671e-05
4.276581812616239702e-06
6.761869563959365003e-06
9.072000000000000555e-06
3.024000000000000185e-06
8.553163625232479403e-06
1.246827141186780671e-05
4.276581812616239702e-06
6.761869563959365003e-06
1.090318705700310355e-05
3.024000000000000185e-06
9.072000000000000555e-06
1.282974543784871826e-05
1.090318705700310355e-05
2.978294599263142144e-05
1.864118794497818395e-05
1.418381725770605180e-05
9.562727644349180707e-06
4.276581812616239702e-06
4.276581812616239702e-06
6.761869563959365003e-06
1.047544328417656952e-05
4.276581812616239702e-06
5.237721642088284762e-06
1.047544328417656952e-05
