9.184000000000000499e-06
2.904235803098639991e-05
2.053604830535807023e-05
2.597627471366901190e-05
3.311338291386127644e-05
2.597627471366901190e-05
3.045988207462399259e-05
1.298813735683450595e-05
4.682939521283613257e-05
2.904235803098639991e-05
2.755200000000000319e-05
3.181430923342513895e-05
2.053604830535807023e-05
2.904235803098639991e-05
2.053604830535807023e-05
2.597627471366901190e-05
3.311338291386127644e-05
2.249611379772070691e-05
2.597627471366901190e-05
1.298813735683450595e-05
3.786660206567259867e-05
1.590715461671256948e-05
1.836800000000000100e-05
3.181430923342513895e-05
1.590715461671256948e-05
2.597627471366901190e-05
1.590715461671256948e-05
1.590715461671256948e-05
2.053604830535807023e-05
2.053604830535807023e-05
9.184000000000000499e-06
2.053604830535807023e-05
2.249611379772070691e-05
4.499222759544141382e-05
3.436338144013187704e-05
1.836800000000000100e-05
1.298813735683450595e-05
1.298813735683450595e-05
2.053604830535807023e-05
2.053604830535807023e-05
4.307677833821837928e-05
2.597627471366901190e-05
2.053604830535807023e-05
1.298813735683450595e-05
2.597627471366901190e-05
1.298813735683450595e-05
1.836800000000000100e-05
9.184000000000000499e-06
1.298813735683450595e-05
1.836800000000000100e-05
2.249611379772070691e-05
9.184000000000000499e-06
2.755200000000000319e-05
2.053604830535807023e-05
2.053604830535807023e-05
3.436338144013187704e-05
2.904235803098639991e-05
3.045988207462399259e-05
1.590715461671256948e-05
3.311338291386127644e-05
1.836800000000000100e-05
2.755200000000000319e-05
2.053604830535807023e-05
3.311338291386127644e-05
9.184000000000000499e-06
1.590715461671256948e-05
1.298813735683450595e-05
2.755200000000000319e-05
2.053604830535807023e-05
2.755200000000000319e-05
1.298813735683450595e-05
3.786660206567259867e-05
2.597627471366901190e-05
2.755200000000000319e-05
1.298813735683450595e-05
3.045988207462399259e-05
3.896441207050351446e-05
2.053604830535807023e-05
1.298813735683450595e-05
2.755200000000000319e-05
1.590715461671256948e-05
2.249611379772070691e-05
3.673600000000000200e-05
1.590715461671256948e-05
2.755200000000000319e-05
9.184000000000000499e-06
3.786660206567259867e-05
9.184000000000000499e-06
3.436338144013187704e-05
2.249611379772070691e-05
2.053604830535807023e-05
3.436338144013187704e-05
2.249611379772070691e-05
2.904235803098639991e-05
1.590715461671256948e-05
3.436338144013187704e-05
3.045988207462399259e-05
9.184000000000000499e-06
9.184000000000000499e-06
2.755200000000000319e-05
4.499222759544141382e-05
1.836800000000000100e-05
2.249611379772070691e-05
2.053604830535807023e-05
2.053604830535807023e-05
2.904235803098639991e-05
2.053604830535807023e-05
3.045988207462399259e-05
4.945735358872328731e-05
1.590715461671256948e-05
3.436338144013187704e-05
2.249611379772070691e-05
2.053604830535807023e-05
2.053604830535807023e-05
2.249611379772070691e-05
3.045988207462399259e-05
2.053604830535807023e-05
3.436338144013187704e-05
9.184000000000000499e-06
2.597627471366901190e-05
3.673600000000000200e-05
2.053604830535807023e-05
1.590715461671256948e-05
2.597627471366901190e-05
2.053604830535807023e-05
1.836800000000000100e-05
3.436338144013187704e-05
2.053604830535807023e-05
4.682939521283613257e-05
3.311338291386127644e-05
3.311338291386127644e-05
9.184000000000000499e-06
2.053604830535807023e-05
1.298813735683450595e-05
1.590715461671256948e-05
1.590715461671256948e-05
3.311338291386127644e-05
2.249611379772070691e-05
3.786660206567259867e-05
2.597627471366901190e-05
2.904235803098639991e-05
3.786660206567259867e-05
9.184000000000000499e-06
3.436338144013187704e-05
2.755200000000000319e-05
1.836800000000000100e-05
3.786660206567259867e-05
2.053604830535807023e-05
2.053604830535807023e-05
4.945735358872328731e-05
3.311338291386127644e-05
2.249611379772070691e-05
2.053604830535807023e-05
3.436338144013187704e-05
2.053604830535807023e-05
3.311338291386127644e-05
1.298813735683450595e-05
1.298813735683450595e-05
3.045988207462399259e-05
2.249611379772070691e-05
2.597627471366901190e-05
1.298813735683450595e-05
1.298813735683450595e-05
3.311338291386127644e-05
3.045988207462399259e-05
2.755200000000000319e-05
2.904235803098639991e-05
2.053604830535807023e-05
2.249611379772070691e-05
2.755200000000000319e-05
1.836800000000000100e-05
1.298813735683450595e-05
4.945735358872328731e-05
1.836800000000000100e-05
1.298813735683450595e-05
1.298813735683450595e-05
2.755200000000000319e-05
9.184000000000000499e-06
1.298813735683450595e-05
3.311338291386127644e-05
3.436338144013187704e-05
1.836800000000000100e-05
3.311338291386127644e-05
3.786660206567259867e-05
1.836800000000000100e-05
1.590715461671256948e-05
3.045988207462399259e-05
2.249611379772070691e-05
1.298813735683450595e-05
2.053604830535807023e-05
2.053604830535807023e-05
1.298813735683450595e-05
2.597627471366901190e-05
2.053604830535807023e-05
1.298813735683450595e-05
3.436338144013187704e-05
3.436338144013187704e-05
2.053604830535807023e-05
9.184000000000000499e-06
9.184000000000000499e-06
2.755200000000000319e-05
3.436338144013187704e-05
2.597627471366901190e-05
1.298813735683450595e-05
3.786660206567259867e-05
1.298813735683450595e-05
1.298813735683450595e-05
1.298813735683450595e-05
3.436338144013187704e-05
2.053604830535807023e-05
3.786660206567259867e-05
2.597627471366901190e-05
2.053604830535807023e-05
9.184000000000000499e-06
2.597627471366901190e-05
2.053604830535807023e-05
2.053604830535807023e-05
3.045988207462399259e-05
2.249611379772070691e-05
2.053604830535807023e-05
9.184000000000000499e-06
1.836800000000000100e-05
2.053604830535807023e-05
1.590715461671256948e-05
1.298813735683450595e-05
1.298813735683450595e-05
2.597627471366901190e-05
1.298813735683450595e-05
2.053604830535807023e-05
2.597627471366901190e-05
2.597627471366901190e-05
3.436338144013187704e-05
2.249611379772070691e-05
1.836800000000000100e-05
2.053604830535807023e-05
2.755200000000000319e-05
1.590715461671256948e-05
1.298813735683450595e-05
9.184000000000000499e-06
3.436338144013187704e-05
1.298813735683450595e-05
2.053604830535807023e-05
2.755200000000000319e-05
9.184000000000000499e-06
4.107209661071614047e-05
9.184000000000000499e-06
2.597627471366901190e-05
2.755200000000000319e-05
2.053604830535807023e-05
1.836800000000000100e-05
1.298813735683450595e-05
2.755200000000000319e-05
2.053604830535807023e-05
1.590715461671256948e-05
1.298813735683450595e-05
1.836800000000000100e-05
1.298813735683450595e-05
1.298813735683450595e-05
4.107209661071614047e-05
4.107209661071614047e-05
2.053604830535807023e-05
1.836800000000000100e-05
4.307677833821837928e-05
2.904235803098639991e-05
1.836800000000000100e-05
2.904235803098639991e-05
2.053604830535807023e-05
9.184000000000000499e-06
1.590715461671256948e-05
1.298813735683450595e-05
1.836800000000000100e-05
1.836800000000000100e-05
2.249611379772070691e-05
3.311338291386127644e-05
1.298813735683450595e-05
1.836800000000000100e-05
2.904235803098639991e-05
2.597627471366901190e-05
2.597627471366901190e-05
2.597627471366901190e-05
1.836800000000000100e-05
1.836800000000000100e-05
1.298813735683450595e-05
2.755200000000000319e-05
2.597627471366901190e-05
1.836800000000000100e-05
2.249611379772070691e-05
3.436338144013187704e-05
2.755200000000000319e-05
6.428800000000000519e-05
3.181430923342513895e-05
3.311338291386127644e-05
3.896441207050351446e-05
1.298813735683450595e-05
2.904235803098639991e-05
2.597627471366901190e-05
1.590715461671256948e-05
3.786660206567259867e-05
2.755200000000000319e-05
3.311338291386127644e-05
2.053604830535807023e-05
2.904235803098639991e-05
2.053604830535807023e-05
1.590715461671256948e-05
3.181430923342513895e-05
2.755200000000000319e-05
2.053604830535807023e-05
3.786660206567259867e-05
2.249611379772070691e-05
2.597627471366901190e-05
1.590715461671256948e-05
1.590715461671256948e-05
4.003212789747755362e-05
1.590715461671256948e-05
2.904235803098639991e-05
1.298813735683450595e-05
9.184000000000000499e-06
1.298813735683450595e-05
2.053604830535807023e-05
1.836800000000000100e-05
1.836800000000000100e-05
3.311338291386127644e-05
2.053604830535807023e-05
3.045988207462399259e-05
3.896441207050351446e-05
2.053604830535807023e-05
4.682939521283613257e-05
3.045988207462399259e-05
2.755200000000000319e-05
2.053604830535807023e-05
2.755200000000000319e-05
2.597627471366901190e-05
3.181430923342513895e-05
2.755200000000000319e-05
6.228891856502246369e-05
2.053604830535807023e-05
3.786660206567259867e-05
3.786660206567259867e-05
3.436338144013187704e-05
2.053604830535807023e-05
9.184000000000000499e-06
9.184000000000000499e-06
4.208637518247443322e-05
2.755200000000000319e-05
3.311338291386127644e-05
2.053604830535807023e-05
1.590715461671256948e-05
2.904235803098639991e-05
1.298813735683450595e-05
3.896441207050351446e-05
3.786660206567259867e-05
3.045988207462399259e-05
3.311338291386127644e-05
2.249611379772070691e-05
2.597627471366901190e-05
2.053604830535807023e-05
3.311338291386127644e-05
9.184000000000000499e-06
2.597627471366901190e-05
2.249611379772070691e-05
2.755200000000000319e-05
2.597627471366901190e-05
2.053604830535807023e-05
2.597627471366901190e-05
2.053604830535807023e-05
2.053604830535807023e-05
2.597627471366901190e-05
2.249611379772070691e-05
1.298813735683450595e-05
2.249611379772070691e-05
2.053604830535807023e-05
1.298813735683450595e-05
2.755200000000000319e-05
1.836800000000000100e-05
2.249611379772070691e-05
2.249611379772070691e-05
1.836800000000000100e-05
1.298813735683450595e-05
3.436338144013187704e-05
3.045988207462399259e-05
2.249611379772070691e-05
2.904235803098639991e-05
1.590715461671256948e-05
9.184000000000000499e-06
2.053604830535807023e-05
2.249611379772070691e-05
1.590715461671256948e-05
1.590715461671256948e-05
3.436338144013187704e-05
2.249611379772070691e-05
3.181430923342513895e-05
1.836800000000000100e-05
9.184000000000000499e-06
1.298813735683450595e-05
2.053604830535807023e-05
1.298813735683450595e-05
2.053604830535807023e-05
2.597627471366901190e-05
1.298813735683450595e-05
2.597627471366901190e-05
1.298813735683450595e-05
2.053604830535807023e-05
1.836800000000000100e-05
2.755200000000000319e-05
2.755200000000000319e-05
2.053604830535807023e-05
3.045988207462399259e-05
2.053604830535807023e-05
2.249611379772070691e-05
4.592000000000000080e-05
1.590715461671256948e-05
1.298813735683450595e-05
2.755200000000000319e-05
3.786660206567259867e-05
1.298813735683450595e-05
1.298813735683450595e-05
2.597627471366901190e-05
2.755200000000000319e-05
3.045988207462399259e-05
2.249611379772070691e-05
1.836800000000000100e-05
3.181430923342513895e-05
2.249611379772070691e-05
2.755200000000000319e-05
1.590715461671256948e-05
2.053604830535807023e-05
4.945735358872328731e-05
9.184000000000000499e-06
2.053604830535807023e-05
3.045988207462399259e-05
1.298813735683450595e-05
2.053604830535807023e-05
1.298813735683450595e-05
2.053604830535807023e-05
1.836800000000000100e-05
1.298813735683450595e-05
3.673600000000000200e-05
2.249611379772070691e-05
3.786660206567259867e-05
1.298813735683450595e-05
1.298813735683450595e-05
3.311338291386127644e-05
2.755200000000000319e-05
3.673600000000000200e-05
3.311338291386127644e-05
3.311338291386127644e-05
3.181430923342513895e-05
1.836800000000000100e-05
2.249611379772070691e-05
2.249611379772070691e-05
2.053604830535807023e-05
3.436338144013187704e-05
1.836800000000000100e-05
1.836800000000000100e-05
3.786660206567259867e-05
2.053604830535807023e-05
4.003212789747755362e-05
2.755200000000000319e-05
1.590715461671256948e-05
3.311338291386127644e-05
3.896441207050351446e-05
2.249611379772070691e-05
1.836800000000000100e-05
4.307677833821837928e-05
9.184000000000000499e-06
1.836800000000000100e-05
3.896441207050351446e-05
1.298813735683450595e-05
1.298813735683450595e-05
2.053604830535807023e-05
1.590715461671256948e-05
2.597627471366901190e-05
1.298813735683450595e-05
4.499222759544141382e-05
2.053604830535807023e-05
1.590715461671256948e-05
1.298813735683450595e-05
1.298813735683450595e-05
1.298813735683450595e-05
2.053604830535807023e-05
1.590715461671256948e-05
2.053604830535807023e-05
9.184000000000000499e-06
9.184000000000000499e-06
2.249611379772070691e-05
3.896441207050351446e-05
3.311338291386127644e-05
2.755200000000000319e-05
1.298813735683450595e-05
2.053604830535807023e-05
1.836800000000000100e-05
3.045988207462399259e-05
9.184000000000000499e-06
1.298813735683450595e-05
1.298813735683450595e-05
2.755200000000000319e-05
3.311338291386127644e-05
2.053604830535807023e-05
9.184000000000000499e-06
1.836800000000000100e-05
1.298813735683450595e-05
4.682939521283613257e-05
3.436338144013187704e-05
1.298813735683450595e-05
2.249611379772070691e-05
3.045988207462399259e-05
1.298813735683450595e-05
2.755200000000000319e-05
3.436338144013187704e-05
2.053604830535807023e-05
2.053604830535807023e-05
2.755200000000000319e-05
2.053604830535807023e-05
3.436338144013187704e-05
4.208637518247443322e-05
9.184000000000000499e-06
9.184000000000000499e-06
1.590715461671256948e-05
2.053604830535807023e-05
2.755200000000000319e-05
4.107209661071614047e-05
2.755200000000000319e-05
3.181430923342513895e-05
1.298813735683450595e-05
2.755200000000000319e-05
9.184000000000000499e-06
2.053604830535807023e-05
2.597627471366901190e-05
1.298813735683450595e-05
1.298813735683450595e-05
2.597627471366901190e-05
1.590715461671256948e-05
2.755200000000000319e-05
1.590715461671256948e-05
2.755200000000000319e-05
1.298813735683450595e-05
3.786660206567259867e-05
2.597627471366901190e-05
9.184000000000000499e-06
4.003212789747755362e-05
3.896441207050351446e-05
2.597627471366901190e-05
2.755200000000000319e-05
2.755200000000000319e-05
2.597627471366901190e-05
2.249611379772070691e-05
2.904235803098639991e-05
2.249611379772070691e-05
2.597627471366901190e-05
2.755200000000000319e-05
2.597627471366901190e-05
2.053604830535807023e-05
2.597627471366901190e-05
9.184000000000000499e-06
1.590715461671256948e-05
2.597627471366901190e-05
3.181430923342513895e-05
1.298813735683450595e-05
2.053604830535807023e-05
3.673600000000000200e-05
1.836800000000000100e-05
2.597627471366901190e-05
3.786660206567259867e-05
2.597627471366901190e-05
2.755200000000000319e-05
2.053604830535807023e-05
2.597627471366901190e-05
2.053604830535807023e-05
1.836800000000000100e-05
2.249611379772070691e-05
3.045988207462399259e-05
3.311338291386127644e-05
3.786660206567259867e-05
1.590715461671256948e-05
2.249611379772070691e-05
4.307677833821837928e-05
1.298813735683450595e-05
3.181430923342513895e-05
2.053604830535807023e-05
2.755200000000000319e-05
2.249611379772070691e-05
2.053604830535807023e-05
2.053604830535807023e-05
1.298813735683450595e-05
1.590715461671256948e-05
9.184000000000000499e-06
3.786660206567259867e-05
1.298813735683450595e-05
2.053604830535807023e-05
4.003212789747755362e-05
4.003212789747755362e-05
2.053604830535807023e-05
2.755200000000000319e-05
1.298813735683450595e-05
3.181430923342513895e-05
2.597627471366901190e-05
3.045988207462399259e-05
1.590715461671256948e-05
2.249611379772070691e-05
3.786660206567259867e-05
2.249611379772070691e-05
1.298813735683450595e-05
3.786660206567259867e-05
2.755200000000000319e-05
2.597627471366901190e-05
3.786660206567259867e-05
3.181430923342513895e-05
1.298813735683450595e-05
2.053604830535807023e-05
2.597627471366901190e-05
1.590715461671256948e-05
2.597627471366901190e-05
9.184000000000000499e-06
1.298813735683450595e-05
2.249611379772070691e-05
1.590715461671256948e-05
9.184000000000000499e-06
9.184000000000000499e-06
2.755200000000000319e-05
2.597627471366901190e-05
2.053604830535807023e-05
2.904235803098639991e-05
2.053604830535807023e-05
2.249611379772070691e-05
9.184000000000000499e-06
2.249611379772070691e-05
3.311338291386127644e-05
2.755200000000000319e-05
2.053604830535807023e-05
1.590715461671256948e-05
1.298813735683450595e-05
1.298813735683450595e-05
1.298813735683450595e-05
1.836800000000000100e-05
2.904235803098639991e-05
3.673600000000000200e-05
2.755200000000000319e-05
2.597627471366901190e-05
3.045988207462399259e-05
1.298813735683450595e-05
1.590715461671256948e-05
2.053604830535807023e-05
3.311338291386127644e-05
2.249611379772070691e-05
1.590715461671256948e-05
3.311338291386127644e-05
1.298813735683450595e-05
3.311338291386127644e-05
2.904235803098639991e-05
3.181430923342513895e-05
3.896441207050351446e-05
3.045988207462399259e-05
1.298813735683450595e-05
1.298813735683450595e-05
2.755200000000000319e-05
2.053604830535807023e-05
1.298813735683450595e-05
2.249611379772070691e-05
3.896441207050351446e-05
1.836800000000000100e-05
2.755200000000000319e-05
2.053604830535807023e-05
3.181430923342513895e-05
1.836800000000000100e-05
1.836800000000000100e-05
2.904235803098639991e-05
1.298813735683450595e-05
1.298813735683450595e-05
9.184000000000000499e-06
2.755200000000000319e-05
3.786660206567259867e-05
9.184000000000000499e-06
2.249611379772070691e-05
3.673600000000000200e-05
4.499222759544141382e-05
2.597627471366901190e-05
2.755200000000000319e-05
2.249611379772070691e-05
1.298813735683450595e-05
1.298813735683450595e-05
2.597627471366901190e-05
9.184000000000000499e-06
2.053604830535807023e-05
3.673600000000000200e-05
2.904235803098639991e-05
2.053604830535807023e-05
1.298813735683450595e-05
3.045988207462399259e-05
2.053604830535807023e-05
2.755200000000000319e-05
1.298813735683450595e-05
2.904235803098639991e-05
2.249611379772070691e-05
9.184000000000000499e-06
3.311338291386127644e-05
3.045988207462399259e-05
2.053604830535807023e-05
1.836800000000000100e-05
1.836800000000000100e-05
5.195254942733802379e-05
2.249611379772070691e-05
1.590715461671256948e-05
3.045988207462399259e-05
1.836800000000000100e-05
3.311338291386127644e-05
2.249611379772070691e-05
2.053604830535807023e-05
2.053604830535807023e-05
4.592000000000000080e-05
1.836800000000000100e-05
4.307677833821837928e-05
2.053604830535807023e-05
3.673600000000000200e-05
1.590715461671256948e-05
3.896441207050351446e-05
2.597627471366901190e-05
2.755200000000000319e-05
2.597627471366901190e-05
2.597627471366901190e-05
1.836800000000000100e-05
3.181430923342513895e-05
1.836800000000000100e-05
3.436338144013187704e-05
2.597627471366901190e-05
1.590715461671256948e-05
2.597627471366901190e-05
2.053604830535807023e-05
2.053604830535807023e-05
3.436338144013187704e-05
1.836800000000000100e-05
2.053604830535807023e-05
1.298813735683450595e-05
2.053604830535807023e-05
2.053604830535807023e-05
1.836800000000000100e-05
2.755200000000000319e-05
2.053604830535807023e-05
1.298813735683450595e-05
3.311338291386127644e-05
3.045988207462399259e-05
2.249611379772070691e-05
1.298813735683450595e-05
3.786660206567259867e-05
3.311338291386127644e-05
2.053604830535807023e-05
2.597627471366901190e-05
1.298813735683450595e-05
2.755200000000000319e-05
3.045988207462399259e-05
2.755200000000000319e-05
2.597627471366901190e-05
2.597627471366901190e-05
1.836800000000000100e-05
3.786660206567259867e-05
4.107209661071614047e-05
3.436338144013187704e-05
4.208637518247443322e-05
3.436338144013187704e-05
2.249611379772070691e-05
1.298813735683450595e-05
2.755200000000000319e-05
3.181430923342513895e-05
1.298813735683450595e-05
3.045988207462399259e-05
4.499222759544141382e-05
2.249611379772070691e-05
4.592000000000000080e-05
2.755200000000000319e-05
2.597627471366901190e-05
1.590715461671256948e-05
2.053604830535807023e-05
2.597627471366901190e-05
3.436338144013187704e-05
2.053604830535807023e-05
3.311338291386127644e-05
9.184000000000000499e-06
3.786660206567259867e-05
2.053604830535807023e-05
2.053604830535807023e-05
2.249611379772070691e-05
1.590715461671256948e-05
2.597627471366901190e-05
1.298813735683450595e-05
1.590715461671256948e-05
2.904235803098639991e-05
3.436338144013187704e-05
9.184000000000000499e-06
3.045988207462399259e-05
1.836800000000000100e-05
9.184000000000000499e-06
2.597627471366901190e-05
3.311338291386127644e-05
3.786660206567259867e-05
1.298813735683450595e-05
3.311338291386127644e-05
3.896441207050351446e-05
3.673600000000000200e-05
1.298813735683450595e-05
2.755200000000000319e-05
3.311338291386127644e-05
1.836800000000000100e-05
3.045988207462399259e-05
1.298813735683450595e-05
4.592000000000000080e-05
3.786660206567259867e-05
4.307677833821837928e-05
2.755200000000000319e-05
1.298813735683450595e-05
1.590715461671256948e-05
2.904235803098639991e-05
2.755200000000000319e-05
1.836800000000000100e-05
2.053604830535807023e-05
3.786660206567259867e-05
3.045988207462399259e-05
9.184000000000000499e-06
1.590715461671256948e-05
3.786660206567259867e-05
9.184000000000000499e-06
2.597627471366901190e-05
1.298813735683450595e-05
2.755200000000000319e-05
2.053604830535807023e-05
1.590715461671256948e-05
1.836800000000000100e-05
4.107209661071614047e-05
3.786660206567259867e-05
2.597627471366901190e-05
2.904235803098639991e-05
2.053604830535807023e-05
2.249611379772070691e-05
3.311338291386127644e-05
2.053604830535807023e-05
2.053604830535807023e-05
2.755200000000000319e-05
2.904235803098639991e-05
2.249611379772070691e-05
2.597627471366901190e-05
2.755200000000000319e-05
2.904235803098639991e-05
2.053604830535807023e-05
2.053604830535807023e-05
2.249611379772070691e-05
3.311338291386127644e-05
2.904235803098639991e-05
3.311338291386127644e-05
3.436338144013187704e-05
2.755200000000000319e-05
1.590715461671256948e-05
2.249611379772070691e-05
2.597627471366901190e-05
1.836800000000000100e-05
3.436338144013187704e-05
2.755200000000000319e-05
2.053604830535807023e-05
9.184000000000000499e-06
2.755200000000000319e-05
2.597627471366901190e-05
2.053604830535807023e-05
2.053604830535807023e-05
2.053604830535807023e-05
3.786660206567259867e-05
3.311338291386127644e-05
2.597627471366901190e-05
1.836800000000000100e-05
2.053604830535807023e-05
2.249611379772070691e-05
9.184000000000000499e-06
2.053604830535807023e-05
2.597627471366901190e-05
9.184000000000000499e-06
2.249611379772070691e-05
3.896441207050351446e-05
1.836800000000000100e-05
2.249611379772070691e-05
2.904235803098639991e-05
1.298813735683450595e-05
2.904235803098639991e-05
1.836800000000000100e-05
3.045988207462399259e-05
1.590715461671256948e-05
2.755200000000000319e-05
9.184000000000000499e-06
9.184000000000000499e-06
2.249611379772070691e-05
3.045988207462399259e-05
9.184000000000000499e-06
3.045988207462399259e-05
2.755200000000000319e-05
2.904235803098639991e-05
2.053604830535807023e-05
3.181430923342513895e-05
1.590715461671256948e-05
1.590715461671256948e-05
6.494068678417252635e-05
9.184000000000000499e-06
1.836800000000000100e-05
3.311338291386127644e-05
4.003212789747755362e-05
2.053604830535807023e-05
2.597627471366901190e-05
9.184000000000000499e-06
3.786660206567259867e-05
3.786660206567259867e-05
2.249611379772070691e-05
2.904235803098639991e-05
1.298813735683450595e-05
4.592000000000000080e-05
2.053604830535807023e-05
2.053604830535807023e-05
2.249611379772070691e-05
3.786660206567259867e-05
2.249611379772070691e-05
2.053604830535807023e-05
3.436338144013187704e-05
2.249611379772070691e-05
2.249611379772070691e-05
1.298813735683450595e-05
3.673600000000000200e-05
3.436338144013187704e-05
3.673600000000000200e-05
2.755200000000000319e-05
2.597627471366901190e-05
3.045988207462399259e-05
3.436338144013187704e-05
1.298813735683450595e-05
1.298813735683450595e-05
3.045988207462399259e-05
1.590715461671256948e-05
4.592000000000000080e-05
3.896441207050351446e-05
1.590715461671256948e-05
2.249611379772070691e-05
2.249611379772070691e-05
2.597627471366901190e-05
